40 295 20 118
328 
25 40 40 118 (295 295 295 295) 20 40 20 
295 328
25 20 20 328 118 295 25 20 20 
25 295
16 20 328 
419 328 
295 
(328 328 328 328) 
295 295 295 
25 25 40 20 
295 
295 40 40 25 (274 274 274 274) 20 118 20 20 
40 118 118 40 (295 295 295 295) 20 25 

20 20 25 
(295 295 295 328 271 274) 
40 40 25 25 (295 274 295 20) 20 25 20 20 
274 25 295 
(295 274 295 20) (295 274 295 20) (295 274 295 20) 
(274 295 20) (274 295 20) (274 295 20) 

118 20 118 20 20  
40 40 20 25 20 40 20 20 
118

20 20 118 20 20
63 63 63 63 63
295
20 118 20 295
419 118 20 295

419
