6555 5669 6565 5659 
6551
5000 6100 6550 5200 (4800 5502 6550 6969) 6150 5900 6400 
4800 7700 

4900 6400 6500 7500 5400 5600 6300 6550 6700 
5100 6000 
6700 7000 7700 
7514 7750 
5400 
(7314 6290 6549 5531) 
4100 4900 6200 
5300 5686 6002 6198 
7775 
5000 6100 6550 5200 (4800 5502 6550 6969) 6200 5700 6400 
6700 6100 5000 5200 6550 (7902 6550 6969 7200) 6230 5700 

6300 6600 6200 
(5500 6633 7507 7889 6771 7205) 
6550 6100 5000 5200 (4800 5502 6550 6969) 6200 5600 6400 6700 
6400 5400 4500 
(4800 5502 6550 6969) (4900 6200 6755 6969) (5000 5502 6550 7425) 
(6100 6550 6969) (6220 6755 6969) (7028 6550 7425) 

6250 6700 5500 6450 6650 
6300 6500 6700 4900 6500 6400 6500 6700 
6925

6300 6700 6450 6650 6500 

6475 6294 5478 5796 6565 
5478 
6655 5569 6565 5659 
6675 5469 6565 5659 

6050
