(-50 50) (-50 50) (-50 50) (-50 50)
(-50 50)
(-80 80) (-10 90) (-90 30) (-80 50) (-80 80) (-80 50) (-90 30) (-10 90) 
(0 80) (-60 55) 

(-80 80) (-30 90) (-80 50) (-50 50) (-33 50) (-50 33) (-50 50) (-80 80) (-75 75) 
(-50 20) (-70 70) 
(-40 20) (-45 15) (-40 40) 
(-60 30) (-30 60) 
(-10 100) 
(-100 100) 
(-30 80) (-80 30) (-60 60) 
(-10 80) (-80 30) (-90 10) (-60 60) 
(-80 80) 
(-40 60) (-60 40) (-60 45) (-80 50) (-100 100) (-40 30) (-20 80) (-40 60) 
(-50 90) (-75 75) (-50 50) (-30 35) (-70 50) (-50 50) (-50 50) (-50 50) 

(-50 50) (-80 80) (-35 35) 
(-100 100) 
(-50 30) (-50 30) (-30 80) (-100 100) (-40 50) (-50 40) (-20 60) (-20 60) (-20 60)
(-80 80) (-30 30) (-40 40)  
(-20 60) (-100 100) (-60 20) 

(-80 20) (-100 100) (-20 80) 

(-50 50) (-30 80) (-75 75) (-30 50) (-80 80) 
(-50 50) (-50 50) (-50 50) (-50 50) (-50 50) (-50 50) (-50 50) (-50 50)
(-50 50)

(-50 50) (-50 50) (-50 50) (-50 50) (-50 50)
(-50 50) 
(-50 50) 
(-50 50) 
(-50 50) 
(-50 50) 
(-50 50) 
(-50 50) 
(-50 50) (-50 50) (-50 50) (-50 50)
(-50 50)
(-50 50) (-50 50) (-50 50) (-50 50)

(-80 80) (-80 80) (-90 30) (-80 50)

(-50 50)
(-50 50)
(-50 50)
(-50 50)
(-50 50)
