((3 4) (3 1 1 1)) 
((5 8) (4 1.0)) 
((4 4) (1 1 1 1 1 1 (2 (-1 2 2 -2)))) 
((2 4) ((2 (2 -1 6)))) 
((5 32) (4.0 1.0)) 
((4 4) ((4 (1 1 1 3 1 1 (2 (-2 2 1)))))) 
((2 4) ((2 (3 -1 8 -1)))) 
((4 4) ((4 (4 2 -1 1 2.0 -2 -8)))) 
((2 4) ((1 (-2 3)) (1 (1.0 -2 3)))) 
((1 4) (1)) ((3 8) (3)) 
((2 4) (3 1 2.0 2)) 
((2 4) (-1 1 1 1 4)) 
((13 16) (7 6)) 
((4 4) ((4 (3 3 3 3 3 1 (3 (1 1)))))) 
((4 4) (1 -1 1 1 1 1 (2 (-1 2 2 -1 1)))) 
((3 32) (-3)) ((2 4) ((2 (-1 2 2 -1 3)))) 
((5 16) (4 1.0)) 
((4 4) ((4 (1 -2 1 1 1 1 1 (2 (-1 2 2 -1 1)))))) 
((2 4) ((2 (-1 (4 (3 1 -4 1)))))) 
((7 32) (2 3 -2)) 
((4 20) (4)) 
((15 16) ((15 (-2 3 2 -3 2)))) 
((6 16) (-6)) 
((4 4) ((2 (1 (4 (1 -1 -3 1)))) (2 ((2 ((4 (1.0 -1 -1 1 -1)) -1 1)))))) 
((4 4) ((2 (1 (4 (1 -1 1 -1 1)))) (2 ((2 ((4 (1.0 1 -1 1 -1)) 1 1)))))) 
((4 8) (-1 7)) ((4 16) (4.0)) 
((4 4) ((2 (1 (4 (1 -1 -3 1)))) (2 ((2 ((4 (1.0 -1 -1 1 -1)) -1 1)))))) 
((4 8) (4)) 
((2 8) (2)) 
((3 8) (3)) 
((7 16) (7)) 
((8 4) (8)) 
((2 4) (-1 3)) 
((3 4) (3 1 1 1)) 
((3 4) (3 1 1 1)) 
((7 4) (7.0)) 
((3 4) (3))