60 40 40 40
80
50 60 20 30 (90 90 90 90) 40 50 60 
100 100 

50 60 20 120 100 88 50 60 70 
80 60
20 20 10 
40 67 
50
(90 90 90 90) 
90 70 50 
20 40 50 50 
60 
20 30 40 50 110 40 50 10  
50 60 20 30 50 (90 90 90 90) 40 50 

60 70 30 
(90 90 90 90 90 90)  
50 60 20 30 (40 30 50 10) 40 50 60 70 
120 60 70 
(50 60 90 75) (90 90 90 75) (50 50 90 80) 

(50 90 50) (60 90 60) (60 90 60) 

60 70 100 60 70 

40 40 40 40 40 40 40 40 
30

50 60 70 80 90
30 30 30 30 30 
40 
40 40 40 40 40 
60 40 40 40 40

50 
